MESH 0
VERTICES 42
0.00000,4.00000
0.00000,3.00000
0.00000,2.00000
0.00000,1.00000
0.00000,0.00000
1.00000,0.00000
2.00000,0.00000
3.00000,0.00000
4.00000,0.00000
5.00000,0.00000
5.00000,1.00000
5.00000,2.00000
5.00000,3.00000
5.00000,4.00000
5.00000,5.00000
4.00000,5.00000
3.00000,5.00000
2.00000,5.00000
1.00000,5.00000
0.00000,5.00000
2.49289,2.49289
1.70000,1.70000
1.70000,2.70000
1.70000,3.20000
2.70000,3.20000
3.20000,3.20000
1.10000,2.70000
1.20000,3.20000
1.70000,3.90000
2.70000,3.77778
3.20000,3.70000
3.69497,2.70503
2.97041,2.01538
2.19497,1.20503
1.00000,1.70000
3.69497,3.20503
1.49497,1.20503
3.46027,0.97007
4.12437,1.50330
0.92200,4.03576
4.00354,4.00725
4.09614,0.98765
INTERIOREDGES 66
  29,  24,   2,   1
  32,  20,   4,   3
  22,  26,   5,   0
  27,  23,   8,   0
  23,  28,   8,   1
  30,  25,   6,   2
  25,  31,   6,   3
  33,  21,   7,   4
  21,  34,   7,   5
  32,  33,  10,   4
  28,  29,  11,   1
  34,  26,  12,   5
  31,  32,  13,   3
  17,  29,  23,  11
  28,  17,  24,  11
   2,  26,  27,  12
  34,   2,  28,  12
  27,  28,  29,   8
  34,   3,  30,  28
  36,  34,  30,   7
   6,  33,  31,  15
  36,   6,  31,  14
  33,  36,  31,   7
  30,  35,  32,   6
   1,  26,  33,  27
  27,   1,  33,  26
  26,  27,  33,   0
  16,  29,  34,  23
  30,  16,  34,  22
  29,  30,  34,   2
  12,  35,  35,  20
  31,  12,  35,  19
  35,  31,  35,   6
  38,  32,  36,  13
  32,  37,  36,  10
   7,  37,  37,  16
  33,   7,  37,  15
  37,  33,  37,  10
  11,  31,  38,  19
  38,  11,  38,  18
  31,  38,  38,  13
   3,   5,  39,   9
  36,   3,  39,  30
   5,  36,  39,  14
  37,   8,  40,  16
  41,   8,  41,  40
   8,  10,  41,  17
  41,  10,  42,  41
  10,  38,  42,  18
  40,  35,  43,  32
  35,  13,  43,  20
  40,  13,  44,  43
  13,  15,  44,  21
  40,  15,  45,  44
  30,  40,  45,  32
  15,  30,  45,  22
  39,  28,  46,  29
  28,  18,  46,  24
  39,  18,  47,  46
  18,   0,  47,  25
  39,   0,  48,  47
  27,  39,  48,  29
   0,  27,  48,  26
  41,  38,  49,  42
  37,  41,  49,  40
  38,  37,  49,  36
BOUNDARYEDGES 26
   4,   5,   9,   1
   5,   6,  14,   1
   6,   7,  15,   1
   7,   8,  16,   1
   8,   9,  17,   1
   9,  10,  17,   1
  10,  11,  18,   1
  11,  12,  19,   1
  12,  13,  20,   1
  13,  14,  21,   1
  14,  15,  21,   1
  15,  16,  22,   1
  16,  17,  23,   1
  17,  18,  24,   1
  18,  19,  25,   1
  19,   0,  25,   1
   0,   1,  26,   1
   1,   2,  27,   1
   2,   3,  28,   1
   3,   4,   9,   1
  21,  22,   5,   2
  22,  23,   0,   2
  23,  24,   1,   2
  24,  25,   2,   2
  25,  20,   3,   2
  20,  21,   4,   2
INTERFACEEDGES 0
FRONT 0
QUADS 8
  22,  23,  27,  26,   1
  23,  24,  29,  28,   1
  24,  25,  30,  29,   1
  25,  20,  32,  31,   1
  20,  21,  33,  32,   1
  21,  22,  26,  34,   1
  31,  35,  30,  25,   1
  34,  36,  33,  21,   1
TRIANGLES 42
  27,  23,  28,   1
   4,   5,   3,   1
  32,  33,  37,   1
  28,  29,  17,   1
  34,  26,   2,   1
  31,  32,  38,   1
   5,   6,  36,   1
   6,   7,  33,   1
   7,   8,  37,   1
   8,   9,  10,   1
  10,  11,  38,   1
  11,  12,  31,   1
  12,  13,  35,   1
  13,  14,  15,   1
  15,  16,  30,   1
  16,  17,  29,   1
  17,  18,  28,   1
  18,  19,   0,   1
   0,   1,  27,   1
   1,   2,  26,   1
   2,   3,  34,   1
  27,  28,  39,   1
  36,  34,   3,   1
  33,  36,   6,   1
  30,  35,  40,   1
  26,  27,   1,   1
  29,  30,  16,   1
  35,  31,  12,   1
  32,  37,  38,   1
  37,  33,   7,   1
  31,  38,  11,   1
   5,  36,   3,   1
  37,   8,  41,   1
   8,  10,  41,   1
  10,  38,  41,   1
  35,  13,  40,   1
  13,  15,  40,   1
  15,  30,  40,   1
  28,  18,  39,   1
  18,   0,  39,   1
   0,  27,  39,   1
  38,  37,  41,   1
QUADNEIGHBORS 8
   8,  33,   5,  -1
   2,  11,   8,  -1
   6,  34,   1,  -1
   4,  13,   6,  -1
   7,  10,   3,  -1
   0,  12,   7,  -1
  32,   2,   3,  35
  31,   4,   5,  30
TRIANGLENEIGHBORS 42
   1,  29,   0
  39,  -1,  -1
  37,  36,   4
  23,  24,   1
  27,  28,   5
  36,  38,   3
  31,  39,  -1
  37,  31,  -1
  40,  37,  -1
  -1,  41,  -1
  38,  42,  -1
  35,  38,  -1
  43,  35,  -1
  -1,  44,  -1
  34,  45,  -1
  11,  34,  -1
  46,  11,  -1
  -1,  47,  -1
  33,  48,  -1
  12,  33,  -1
  30,  12,  -1
  46,  48,   8
  28,  39,   7
  14,  15,   7
  43,  45,   6
  26,  27,   0
  22,  23,   2
  19,  20,   6
  49,  13,  10
  15,  16,  10
  18,  19,  13
  30,   9,  14
  41,  49,  16
  42,  40,  17
  49,  41,  18
  44,  32,  20
  45,  43,  21
  32,  44,  22
  47,  29,  24
  48,  46,  25
  29,  47,  26
  40,  42,  36
SIZEFUNCTION 42
1.00000
1.00000
1.00000
1.00000
1.00000
1.00000
1.00000
1.00000
1.00000
1.00000
1.00000
1.00000
1.00000
1.00000
1.00000
1.00000
1.00000
1.00000
1.00000
1.00000
1.00000
1.00000
1.00000
1.00000
1.00000
1.00000
1.00000
1.00000
1.00000
1.00000
1.00000
1.00000
1.00000
1.00000
1.00000
1.00000
1.00000
1.00000
1.00000
1.00000
1.00000
1.00000
